,epoch,avg_loss_D,std_loss_D,avg_loss_G,std_loss_G
0,29,0.4695225158868959,0.22853139210070267,51.289799632452734,9.430955541435214
1,30,0.46848376161896294,0.2304039280257674,50.96598669112497,9.182576759891662
2,31,0.4639768203083768,0.22852658013990457,50.633217277484384,9.388241497288647
3,32,0.46464912760697624,0.23018427545054818,50.32051362106981,9.076553190206997
4,33,0.4622150779751691,0.22747382645876651,49.85611289109148,8.969648038152183
5,34,0.4627120476461981,0.23118833884419943,49.757706273696144,8.911139055363245
6,35,0.4532602438372839,0.22849074385699275,49.311103588715255,8.787508808927127
7,36,0.44731426222067067,0.22224425937137074,49.34939791019683,8.937919341328707
8,37,0.4501521289881887,0.2294964424784719,49.27905649051997,8.970546301311446
9,38,0.4392895654474341,0.21916435936159392,49.0735205657459,8.566742707412546
10,39,0.44206769140361696,0.22395658019634682,48.80773669243314,8.867120064657355
11,40,0.4333436185488436,0.22255269623482452,48.51733944308725,8.287264790350884
12,41,0.43431576343760764,0.21762173432292117,48.4815062599795,8.73171025864773
13,42,0.4306614239681918,0.22352132792818757,48.40550424822453,8.664207584236411
14,43,0.4288749411223385,0.22248441756602524,48.12177190299783,8.410948012912844
15,44,0.42688661426689734,0.22242191055509972,47.78378283581219,8.26206604267113
16,45,0.42073104057727073,0.21587421182845287,47.94641450214826,8.567084232853599
17,46,0.42126439295973406,0.21695859210577143,47.48649880706704,8.058941692233368
18,47,0.4157409101975861,0.21441383864422606,47.45282801092193,8.07142887779483
19,48,0.4119083526329033,0.21695420607912663,47.453479208930304,8.32421763843005
20,49,0.4085938574573526,0.21246053409117693,47.47620167678389,8.35949847325924
21,50,0.4071344780214682,0.21465517196379758,47.21802287179866,8.009379185861917
22,51,0.4033908467447699,0.21450977107836083,47.34129107205121,8.054979982605113
23,52,0.39881786946767234,0.21038823836240506,47.00878395055083,7.777382195573409
24,53,0.39893158260600753,0.21105887593058797,47.070209272301824,8.024932239548926
25,54,0.3965054901528002,0.2111242654993701,46.95234912837729,8.07020161034185
26,55,0.39762801719058843,0.21138860330079076,46.68084837663377,7.9631259373745396
27,56,0.39629373409675267,0.21229485311155558,46.50095302265665,7.95447513831838
28,57,0.39497608878814644,0.20789128260014986,46.394253516132736,7.652150103114981
29,58,0.3918329883661315,0.20687332267546601,46.30049471205172,7.70393857651165
30,59,0.3889026959446403,0.20465360927942855,46.51720634613353,7.870929733568963
